9 0.0 57.0 21.0 9.0 14.42 2.745722108843117 0.3333333333333333 0.3333333333333333 0.3333333333333333
9 1.0 92.0 22.0 10.0 15.75 2.8297660252352594 0.2928720009523928 0.3235240863508679 0.38360391269673966
9 2.0 57.0 23.0 10.0 17.13 2.887293654352574 0.23759721086839972 0.31055403503457685 0.45184875409702363
9 3.0 17.0 23.0 10.0 18.53 2.790514235220758 0.22798985557632911 0.2685948824124484 0.5034152620112224
9 4.0 44.0 25.0 13.0 19.99 2.5839246635044653 0.19116586794333487 0.25534883483192145 0.5534852972247439
9 5.0 8.0 25.0 13.0 21.22 2.4927369242937325 0.15696712279933064 0.24818503485591453 0.5948478423447547
9 6.0 12.0 26.0 13.0 22.57 2.5276451291646738 0.1374332426250601 0.22404861684380237 0.6385181405311373
9 7.0 12.0 27.0 13.0 23.48 2.5563547279181518 0.14490032364699917 0.20977517126843792 0.6453245050845631
9 8.0 12.0 27.0 13.0 24.45 2.5638315707612933 0.13186805383351927 0.20073907907923655 0.6673928670872441
9 9.0 4.0 28.0 13.0 25.45 2.284665614416465 0.13811764966091947 0.1887411714764667 0.673141178862614
9 10.0 4.0 28.0 13.0 26.08 2.13522643276818 0.15850649852218973 0.1892385674127203 0.65225493406509
9 11.0 77.0 29.0 13.0 26.8 1.880253582725889 0.16058147175753376 0.1799446385441321 0.6594738896983344
9 12.0 4.0 29.0 20.0 27.43 1.1913408115618849 0.15460849063085405 0.1818831147445168 0.663508394624629
9 13.0 2.0 29.0 23.0 27.93 0.9561602502940745 0.17008759190498104 0.19586424485675635 0.6340481632382626
9 14.0 0.0 29.0 25.0 28.4 0.8408749651825209 0.17207123218133705 0.19346085315341036 0.6344679146652528
9 15.0 0.0 29.0 25.0 28.71 0.7148497051899098 0.18030170892519606 0.21248206452550014 0.607216226549304
9 16.0 0.0 29.0 25.0 28.81 0.6307763374436192 0.2045609068057285 0.2590876862614625 0.536351406932809
9 17.0 0.0 29.0 25.0 28.87 0.5441145155760927 0.24498597172922548 0.26697016058674744 0.4880438676840273
9 18.0 0.0 29.0 25.0 28.87 0.5441145155760927 0.2613338959867349 0.2624720627281035 0.47619404128516185
9 19.0 0.0 29.0 26.0 28.94 0.34289321599553124 0.26738708408909434 0.3002644584330605 0.4323484574778451
9 20.0 0.0 29.0 26.0 28.94 0.34289321599553124 0.23231493354422025 0.31215005246280236 0.45553501399297736
9 21.0 0.0 29.0 26.0 28.95 0.3295236844080531 0.2546556737077449 0.3056097764559899 0.43973454983626525
9 22.0 0.0 29.0 26.0 28.96 0.3152680437246048 0.2602390879788668 0.31984359214131214 0.4199173198798212
9 23.0 0.0 29.0 29.0 29.0 0.0 0.30583329721519004 0.284781991446506 0.40938471133830395
9 24.0 0.0 29.0 29.0 29.0 0.0 0.31888110683226767 0.2681925868748766 0.41292630629285587
9 25.0 0.0 29.0 29.0 29.0 0.0 0.3039077473960338 0.28279759653938463 0.41329465606458177
9 26.0 0.0 29.0 29.0 29.0 0.0 0.297588378596532 0.2912729764544387 0.4111386449490296
9 27.0 0.0 29.0 29.0 29.0 0.0 0.3487993262496271 0.2793259704422102 0.37187470330816247
9 28.0 0.0 29.0 29.0 29.0 0.0 0.3559966257648403 0.3019504285330279 0.3420529457021319
9 29.0 0.0 29.0 29.0 29.0 0.0 0.3673840986371084 0.31817011404839024 0.31444578731450135
9 30.0 0.0 29.0 29.0 29.0 0.0 0.34698903296366557 0.33192456387137476 0.3210864031649598
9 31.0 0.0 29.0 29.0 29.0 0.0 0.34646019250181437 0.3352521315891957 0.31828767590898976
9 32.0 0.0 29.0 29.0 29.0 0.0 0.3560040128726015 0.33867463459853453 0.3053213525288639
9 33.0 0.0 29.0 29.0 29.0 0.0 0.3430627216664783 0.36836192610931334 0.28857535222420866
9 34.0 0.0 29.0 29.0 29.0 0.0 0.3476415772829671 0.37399842773951164 0.2783599949775212
9 35.0 0.0 29.0 29.0 29.0 0.0 0.3546360371524265 0.33165265869071886 0.31371130415685466
9 36.0 0.0 29.0 29.0 29.0 0.0 0.3642799542821 0.327824621939148 0.3078954237787517
9 37.0 0.0 29.0 29.0 29.0 0.0 0.38673510079171014 0.30749452149354395 0.3057703777147459
9 38.0 0.0 29.0 29.0 29.0 0.0 0.3661959938509882 0.3302963701250811 0.3035076360239305
9 39.0 0.0 29.0 29.0 29.0 0.0 0.3546053557002707 0.3329637998108669 0.3124308444888625
9 40.0 0.0 29.0 29.0 29.0 0.0 0.37529800309405237 0.3452994763237052 0.2794025205822423
9 41.0 0.0 29.0 29.0 29.0 0.0 0.3558790788908759 0.3339157385024244 0.3102051826067
9 42.0 0.0 29.0 29.0 29.0 0.0 0.32932166389285766 0.3240578439398498 0.34662049216729274
9 43.0 0.0 29.0 29.0 29.0 0.0 0.3269954785995225 0.33388428582303464 0.33912023557744286
9 44.0 0.0 29.0 29.0 29.0 0.0 0.33924049581626214 0.34345313181615944 0.3173063723675783
9 45.0 0.0 29.0 29.0 29.0 0.0 0.34931044683572354 0.3566202594996326 0.2940692936646435
9 46.0 0.0 29.0 29.0 29.0 0.0 0.3569686713572055 0.32556677888561675 0.3174645497571778
9 47.0 0.0 29.0 29.0 29.0 0.0 0.3258493599105448 0.34462142770687537 0.3295292123825799
9 48.0 0.0 29.0 29.0 29.0 0.0 0.3431339603007232 0.31441878608085355 0.34244725361842304
9 49.0 0.0 29.0 29.0 29.0 0.0 0.3654159173831071 0.31307689984853604 0.3215071827683569
9 50.0 0.0 29.0 29.0 29.0 0.0 0.35275562200386934 0.3663541433347744 0.2808902346613561
9 51.0 0.0 29.0 29.0 29.0 0.0 0.34843103019855975 0.3766992982936875 0.2748696715077528
9 52.0 0.0 29.0 29.0 29.0 0.0 0.34883995942347523 0.35891552112269787 0.29224451945382696
9 53.0 0.0 29.0 29.0 29.0 0.0 0.3723130660589144 0.32553566823914065 0.3021512657019449
9 54.0 0.0 29.0 29.0 29.0 0.0 0.3789109424545936 0.3247499259001635 0.296339131645243
9 55.0 0.0 29.0 29.0 29.0 0.0 0.3484739014269875 0.3395035162702367 0.31202258230277613
9 56.0 0.0 29.0 29.0 29.0 0.0 0.34516590973131955 0.33561599104239564 0.31921809922628475
9 57.0 0.0 29.0 29.0 29.0 0.0 0.3410956478620175 0.33123804720240174 0.32766630493558074
9 58.0 0.0 29.0 29.0 29.0 0.0 0.3448131720817172 0.31934471124470176 0.33584211667358105
9 59.0 0.0 29.0 29.0 29.0 0.0 0.33927749078954506 0.31076982680478094 0.3499526824056743
9 60.0 0.0 29.0 29.0 29.0 0.0 0.342429561371392 0.30468433944524603 0.352886099183362
9 61.0 0.0 29.0 29.0 29.0 0.0 0.3249403135322102 0.3131863198350579 0.3618733666327318
9 62.0 0.0 29.0 29.0 29.0 0.0 0.34192633054900773 0.3172784148907963 0.3407952545601961
9 63.0 0.0 29.0 29.0 29.0 0.0 0.31577843362334374 0.3496961657028006 0.3345254006738557
9 64.0 0.0 29.0 29.0 29.0 0.0 0.32983781689629604 0.34780786211988435 0.32235432098381955
9 65.0 0.0 29.0 29.0 29.0 0.0 0.34069724343184965 0.35322728232655787 0.3060754742415925
9 66.0 0.0 29.0 29.0 29.0 0.0 0.3497102202583408 0.34295325855451525 0.3073365211871437
9 67.0 0.0 29.0 29.0 29.0 0.0 0.34302395163404575 0.3293003974882315 0.32767565087772255
9 68.0 0.0 29.0 29.0 29.0 0.0 0.31829995052603854 0.33832019162215865 0.34337985785180264
9 69.0 0.0 29.0 29.0 29.0 0.0 0.3131427811281541 0.33318484013509403 0.3536723787367517
9 70.0 0.0 29.0 29.0 29.0 0.0 0.33560417754279137 0.35840529456188724 0.30599052789532133
9 71.0 0.0 29.0 29.0 29.0 0.0 0.35608632262972423 0.32675468849293715 0.3171589888773387
9 72.0 0.0 29.0 29.0 29.0 0.0 0.38232302665800544 0.3011938583196315 0.31648311502236287
9 73.0 0.0 29.0 29.0 29.0 0.0 0.36142055125476735 0.3000801210233488 0.3384993277218838
9 74.0 0.0 29.0 29.0 29.0 0.0 0.3410730760511786 0.30911833295784313 0.34980859099097833
9 75.0 0.0 29.0 29.0 29.0 0.0 0.3435702495815617 0.3239764681653254 0.33245328225311327
9 76.0 0.0 29.0 29.0 29.0 0.0 0.3361073059235512 0.3273006793587308 0.33659201471771816
9 77.0 0.0 29.0 29.0 29.0 0.0 0.31711517444091536 0.34711290368299 0.3357719218760948
9 78.0 0.0 29.0 29.0 29.0 0.0 0.33380000715152347 0.32488428676048464 0.3413157060879918
9 79.0 0.0 29.0 29.0 29.0 0.0 0.2987694977758675 0.35722446377236106 0.3440060384517716
9 80.0 0.0 29.0 29.0 29.0 0.0 0.30928783111913327 0.34254365985600627 0.34816850902486096
9 81.0 0.0 29.0 29.0 29.0 0.0 0.3365917099768132 0.31159416970592535 0.35181412031726167
9 82.0 0.0 29.0 29.0 29.0 0.0 0.33586261464089323 0.2886805604895265 0.37545682486958015
9 83.0 0.0 29.0 29.0 29.0 0.0 0.3564303549172925 0.3011975970321539 0.34237204805055366
9 84.0 0.0 29.0 29.0 29.0 0.0 0.3724280411780868 0.30360909060740604 0.3239628682145073
9 85.0 0.0 29.0 29.0 29.0 0.0 0.35253174873709797 0.3094475335825819 0.33802071768032005
9 86.0 0.0 29.0 29.0 29.0 0.0 0.3331749747396019 0.33835244036173245 0.32847258489866576
9 87.0 0.0 29.0 29.0 29.0 0.0 0.33843004139613136 0.3373658775860401 0.3242040810178286
9 88.0 0.0 29.0 29.0 29.0 0.0 0.34389081683993666 0.3320483908648209 0.32406079229524243
9 89.0 0.0 29.0 29.0 29.0 0.0 0.34596960059284904 0.3375151511699024 0.31651524823724875
9 90.0 0.0 29.0 29.0 29.0 0.0 0.34800964711546584 0.3279621314920101 0.3240282213925241
9 91.0 0.0 29.0 29.0 29.0 0.0 0.35433504337966015 0.335033796319769 0.31063116030057086
9 92.0 0.0 29.0 29.0 29.0 0.0 0.35351414075922283 0.35062250876236617 0.2958633504784113
9 93.0 0.0 29.0 29.0 29.0 0.0 0.3727130450425629 0.3589937210090624 0.2682932339483747
9 94.0 0.0 29.0 29.0 29.0 0.0 0.3528986712833333 0.33284903340208105 0.3142522953145857
9 95.0 0.0 29.0 29.0 29.0 0.0 0.33764598766627985 0.32007384404891004 0.3422801682848104
9 96.0 0.0 29.0 29.0 29.0 0.0 0.3355151664382645 0.31487194199368845 0.34961289156804704
9 97.0 0.0 29.0 29.0 29.0 0.0 0.3432207222915033 0.31771074376487723 0.3390685339436194
9 98.0 0.0 29.0 29.0 29.0 0.0 0.3472951766023864 0.3139388203762258 0.3387660030213878
9 99.0 0.0 29.0 29.0 29.0 0.0 0.35261297774318456 0.3191578402880041 0.3282291819688114
9 100.0 0.0 29.0 29.0 29.0 0.0 0.3468721098192763 0.33065416407171155 0.3224737261090123
